3.970 0.0000 0 

3.980 0.0000 0 

3.990 0.0000 0 

4.000 0.0000 0 

4.010 0.0000 0 

4.020 0.0000 0 

4.030 0.0000 0 

4.040 0.0000 0 

4.050 0.0000 0 

4.060 0.0000 0 

4.070 0.0000 0 

4.080 0.0000 0 

4.090 0.0000 0 

4.100 0.0000 0 

4.110 0.0000 0 

4.120 0.0000 0 

4.130 0.0000 0 

4.140 0.0000 0 

4.150 0.0000 0 

4.160 0.0000 0 

4.170 0.0000 0 

4.180 0.0000 0 

4.190 0.0000 0 

4.200 0.0000 0 

4.210 0.0000 0 

4.220 0.0000 0 

4.230 0.0000 0 

4.240 0.0000 0 

4.250 0.0000 0 

4.260 0.0000 0 

4.270 0.0000 0 

4.280 0.0000 0 

4.290 0.0000 0 

4.300 0.0000 0 

4.310 0.0000 0 

4.320 0.0000 0 

4.330 0.0000 0 

4.340 0.0000 0 

4.350 0.0000 0 

4.360 0.0000 0 

4.370 0.0000 0 

4.380 0.0000 0 

4.390 0.0000 0 

4.400 0.0000 0 

4.410 0.0000 0 

4.420 0.0000 0 

4.430 0.0000 0 

4.440 0.0000 0 

4.450 0.0000 0 

4.460 0.0000 0 

4.470 0.0000 0 

4.480 0.0000 0 

4.490 0.0000 0 

4.500 0.0000 0 

4.510 0.0000 0 

4.520 0.0000 0 

4.530 0.0000 0 

4.540 0.0000 0 

4.550 0.0000 0 

4.560 0.0000 0 

4.570 0.0000 0 

4.580 0.0000 0 

4.590 0.0000 0 

4.600 0.0000 0 

4.610 0.0000 0 

4.620 0.0000 0 

4.630 0.0000 0 

4.640 0.0000 0 

4.650 0.0000 0 

4.660 0.0000 0 

4.670 0.0000 0 

4.680 0.0000 0 

4.690 0.0000 0 

4.700 0.0000 0 

4.710 0.0000 0 

4.720 0.0000 0 

4.730 0.0000 0 

4.740 0.0000 0 

4.750 0.0000 0 

4.760 0.0000 0 

4.770 0.0000 0 

4.780 0.0000 0 

4.790 0.0000 0 

4.800 0.0000 0 

4.810 0.0000 0 

4.820 0.0000 0 

4.830 0.0000 0 

4.840 0.0000 0 

4.850 0.0000 0 

4.860 0.0000 0 

4.870 0.0000 0 

4.880 0.0000 0 

4.890 0.0000 0 

4.900 0.0000 0 

4.910 0.0000 0 

4.920 0.0000 0 

4.930 0.0000 0 

4.940 0.0000 0 

4.950 0.0000 0 

